0, Start, 0.016642217, 0.07868611, 0.017863179, 0.008090099, 0.030922784, 0.022727773
1, Turning & Milling Q.C., -0.003687339, -0.055030063, -0.053105254, -0.043144345, -0.0065068062, 0.012864186
2, Round Grinding, -0.03848804, -0.01699855, -0.019678483, -0.036452126, -0.03536935, 0.056329634
3, Turning & Milling, -0.028878182, -0.017743975, -0.03146018, 0.048891764, 0.036673237, 0.050655223
4, Lapping, -0.0127281435, 0.0201417, -0.003496015, 0.013120333, -0.058721073, 0.047185715
5, Turning, 0.059426557, 0.02538223, 0.010910367, -0.030065749, 0.029175557, 0.055900034
6, Milling, -0.039961245, -0.04231437, 0.019653004, 0.028723063, -0.03368159, -0.029120937
7, Laser Marking, -0.024759613, 0.028788961, 0.002098385, 0.012098228, -0.057914667, 0.052877888
8, Flat Grinding, -0.012754849, 0.000109364046, -0.054281093, -0.01445971, -0.06750664, 0.04470732
9, Final Inspection Q.C., 0.00810498, -0.06558934, -0.05960286, -0.056096222, -0.011044707, 0.0043822383
10, Turn & Mill. & Screw Assem, -0.032512184, -0.038685896, 0.017721042, 0.026045445, -0.029915612, -0.02524374
11, Packing, 0.04810519, -0.038303785, 0.050436735, 0.0014052233, -0.0038228529, 0.047845896
12, Grinding Rework, -0.0057365093, -0.07921667, 0.0055620214, 0.021529421, -0.07567653, 0.0033378336
13, Turning Q.C., 0.04251308, 0.04535276, -0.020755593, -0.030488566, 0.030210413, 0.035562404
14, Turning Rework, -0.034411654, -0.047610622, 0.023043567, 0.030181574, -0.03337606, -0.028213244
15, Rework Milling, 0.032967027, 0.034738813, -0.013318731, -0.024272192, 0.025350234, 0.026488647
16, Stress Relief, -0.03242314, -0.040135507, 0.01743817, 0.026928056, -0.031389404, -0.027434321
17, Nitration Q.C., -0.051608935, -0.047523174, 0.023767607, 0.036810424, -0.036317747, -0.039675284
18, Fix, 0.036638435, 0.040548503, -0.019853637, -0.02907663, 0.031164236, 0.027087426
19, Change Version, -0.0419514, -0.039609626, 0.02823912, 0.036868956, -0.029072892, -0.035322797
20, Round  Q.C., 0.043693803, 0.05001754, -0.020841658, -0.032935232, 0.03742922, 0.032791976
21, Final Inspection, -0.032457504, -0.038230244, 0.01724797, 0.025800556, -0.02960553, -0.023960449
22, SETUP     Turning & Milling, 0.03723647, 0.04204171, -0.019491728, -0.028151916, 0.030013112, 0.027520834
23, Milling Q.C., -0.046800584, -0.049613934, 0.02218895, 0.036349125, -0.04021806, -0.03598263
24, Setup, -0.035640948, -0.039372474, 0.01840449, 0.026996246, -0.03234186, -0.026507428
25, End, -0.038206913, -0.011368025, 0.0013616197, 0.033292737, -0.03401158, -0.04729264
