0, Start, -0.0018146363, 0.0042630755, 0.029863905, -0.03713971, -0.010845639, 0.018905075
1, Turning & Milling Q.C., -0.3680563, 0.56903195, -0.41860732, -0.08755107, 1.0846359, 0.108329184
2, Round Grinding, 1.6134728, 0.40259227, -0.072651096, 1.2185583, -0.93957174, -0.06644842
3, Turning & Milling, -0.773591, 1.15974, -0.83096415, -0.3469955, 1.619409, 0.23184995
4, Lapping, -0.34552678, 0.52627265, -1.6018151, 2.774482, -1.2689112, 2.5731878
5, Turning, -1.0652297, 1.5283641, -1.1873502, -0.14202248, 2.229278, 0.6005289
6, Milling, -1.2096816, 1.3459073, -1.0866834, -0.36208022, 1.930394, 0.35948783
7, Laser Marking, -0.28443813, 0.17301957, -0.6312428, 0.9397267, 0.19489925, 1.078274
8, Flat Grinding, -0.29929987, 0.19025935, -0.17368044, 1.3961389, -0.8873235, 0.7510434
9, Final Inspection Q.C., 0.80940545, -0.3825444, -0.090856776, 1.399568, -0.7905275, 0.36017007
10, Turn & Mill. & Screw Assem, -0.12763593, 0.13295738, -0.09900929, -0.07588778, 0.26339892, -0.0014784801
11, Packing, -0.24969292, -2.5111783, 0.8528642, 2.8138893, -3.239168, 0.25522232
12, Grinding Rework, 1.562122, -0.12925988, 0.6518298, 0.6681459, -3.8841937, -1.9314214
13, Turning Q.C., -0.375949, 0.37481332, -0.3524303, 0.044695754, 1.1242871, 0.09539899
14, Turning Rework, 0.46239576, 0.4866028, 0.0026286375, -0.29830143, -1.2188057, -1.346023
15, Rework Milling, -0.016575523, 0.4887406, -0.20846426, -0.23217566, -0.6728014, -0.83231074
16, Stress Relief, 0.032751657, -0.004218299, 0.02170569, -0.011493205, -0.02801001, -0.0041139005
17, Nitration Q.C., -2.242868, -2.2465594, 1.2459346, -1.6912066, 0.46350297, -1.9137892
18, Fix, 0.33360973, -0.037362967, -0.05619814, 0.41469145, -0.24010897, 0.15107915
19, Change Version, -0.048725873, -0.060056947, 0.009503695, -0.032850385, 0.016687898, -0.05999972
20, Round  Q.C., 1.7723858, -0.2809914, 0.2298166, 0.6027623, 0.25529984, -0.27935943
21, Final Inspection, 1.0275182, -0.14298585, -0.27996638, 1.5978655, -0.98372847, 0.48408732
22, SETUP     Turning & Milling, -0.52236885, 0.7518347, -0.5533214, -0.1992144, 1.028809, 0.16378322
23, Milling Q.C., -0.27902701, 0.17937504, -0.21940751, 0.12219517, 0.8143446, 0.07820731
24, Setup, -0.026403915, -0.008666928, 0.019540312, 0.008478499, -0.00710632, -0.038600694
25, End, 0.010906878, 0.019539345, -0.020786123, 0.00398428, -0.006474489, -0.059606895
