0, Start, -0.0018146363, 0.0042630755, 0.029863905, -0.03713971, -0.010845639, 0.018905075
1, Turning & Milling Q.C., 0.21653128, 0.8521619, -0.6175309, 0.6867312, -1.5076085, 0.36722618
2, Round Grinding, 0.3363842, -0.32789546, -2.8122, 0.7626955, -0.6116394, -0.046925753
3, Turning & Milling, -0.08867439, 0.6295442, -0.6516896, -0.43165243, -1.9479096, -0.29440913
4, Lapping, -0.010993398, -0.9287189, -1.8794879, 1.9171237, -0.5232849, -1.2870324
5, Turning, -0.23118353, 0.9502447, -0.8968414, -0.098422855, -2.6919928, -0.4494524
6, Milling, -0.29755977, 0.58767325, -0.8146567, -0.7391014, -2.511059, -0.7873686
7, Laser Marking, -1.0572162, -0.04095895, -1.2690356, 1.9518778, -1.4737911, -0.9986228
8, Flat Grinding, 0.22931702, -0.62614673, -2.2768607, 1.1958127, -0.4482298, -0.7117996
9, Final Inspection Q.C., 1.1506349, 0.6989424, -0.8575565, 0.971693, -0.709078, 0.9999974
10, Turn & Mill. & Screw Assem, 0.034989826, 0.16807957, -0.053398687, -0.019756986, -0.26480985, 0.04328657
11, Packing, -0.69882333, 1.5312161, 1.0311185, 4.9511356, -1.9771732, -1.8879927
12, Grinding Rework, 1.6011652, -1.7277522, -4.1901565, 0.0086775925, -0.3961688, -0.756898
13, Turning Q.C., 0.35882682, 1.1421813, -0.75784713, 1.3831419, -1.7091455, 0.67103064
14, Turning Rework, 0.9536827, -0.52187794, -2.129287, -0.5690007, -1.1956004, -0.40930036
15, Rework Milling, 0.5078622, -0.40868652, -1.6585566, -0.66365755, -1.3064364, -0.6622296
16, Stress Relief, 0.032751657, -0.004218299, 0.02170569, -0.011493205, -0.02801001, -0.0041139005
17, Nitration Q.C., 0.043778688, 0.69889563, -0.375757, 2.532385, -1.3942527, 0.31809625
18, Fix, 0.3430344, 0.07344531, -0.18785077, -0.025034027, -0.1146538, 0.20143521
19, Change Version, 0.03111018, 0.03164222, -0.05208822, 0.03944433, -0.029629277, 0.010699368
20, Round  Q.C., 0.36070743, 1.1553982, -1.059456, 1.951974, -0.68425876, 1.4769247
21, Final Inspection, 1.2660996, 0.49765643, -0.92009425, 0.17028722, -0.6420861, 0.84939736
22, SETUP     Turning & Milling, -0.07552777, 0.40018493, -0.4524333, -0.26618412, -1.288744, -0.22786614
23, Milling Q.C., 0.3526129, 1.0153887, -0.6831149, 1.4505312, -1.4628627, 0.6389951
24, Setup, -0.026403915, -0.008666928, 0.019540312, 0.008478499, -0.00710632, -0.038600694
25, End, 0.010906878, 0.019539345, -0.020786123, 0.00398428, -0.006474489, -0.059606895
