0, Start, 0.019502634, 0.09222391, 0.01160756, 0.033925213, 0.023144873, -0.04742082
1, Turning & Milling Q.C., -0.07832146, -0.03978714, -0.023934375, 0.011266822, 0.056223027, -0.06294469
2, Round Grinding, -0.017593853, 0.0008965562, -0.06764298, -0.07552075, 0.036678825, -0.053736296
3, Turning & Milling, -0.051269088, 0.02261705, -0.052275576, 0.036487486, -0.06669209, -0.0061168824
4, Turning, -0.076127104, -0.04565679, -0.022900267, -0.018357717, -0.10463171, 0.030343436
5, Lapping, -0.06808934, 0.045795213, -0.033355977, -0.08343463, 0.059054326, 0.018654967
6, Milling, 0.03199286, 0.10254444, -0.0056662434, 0.04852476, 0.04140019, -0.043261122
7, Laser Marking, -0.068064675, 0.057945095, -0.044400156, -0.0822364, 0.02178894, 0.02571897
8, Flat Grinding, -0.07124519, 0.034265924, -0.017666122, -0.088736705, 0.042094897, 0.07613463
9, Final Inspection Q.C., -0.076287456, -0.047133416, -0.017059173, 0.019705944, 0.06680623, -0.062376603
10, Turn & Mill. & Screw Assem, -0.020549513, -0.10438135, -0.013153049, -0.041453484, -0.032549344, 0.059587147
11, Packing, -0.054657683, -0.026789358, -0.021214621, 0.07611055, 0.09389609, 0.041946925
12, Grinding Rework, -0.057674572, 0.06626067, -0.024065593, -0.093627445, 0.04657275, 0.039961144
13, Turning Q.C., -0.06634124, -0.1263008, -0.025344634, -0.01947808, 0.015698995, 0.02479556
14, Turning Rework, 0.024626683, 0.11929657, 0.013372476, 0.04312305, 0.03296377, -0.062624365
15, Rework Milling, 0.020408068, 0.08958374, 0.011097746, 0.037237894, 0.028826173, -0.050113514
16, Stress Relief, 0.024011862, 0.11524114, 0.018067224, 0.047734488, 0.03373414, -0.05927272
17, Nitration Q.C., -0.026132215, -0.11079746, -0.016295122, -0.041945286, -0.02834966, 0.05477088
18, Fix, 0.024192749, 0.10071276, 0.012523794, 0.036729507, 0.024874222, -0.05307406
19, Change Version, 0.023155868, 0.10825633, 0.015373778, 0.039696094, 0.029367553, -0.056239
20, Round  Q.C., -0.026597913, -0.118086815, -0.015287591, -0.040474795, -0.030476218, 0.060624298
21, Final Inspection, -0.019262344, -0.105563074, -0.014531614, -0.041388523, -0.030613787, 0.058855258
22, SETUP     Turning & Milling, 0.016429711, 0.08636015, 0.009494954, 0.027805286, 0.026744494, -0.043461584
23, Milling Q.C., -0.01907424, -0.09469138, -0.013047972, -0.038215443, -0.028398292, 0.054182544
24, Setup, 0.023958022, 0.105827786, 0.014384948, 0.040226605, 0.03149596, -0.05210276
25, End, 0.008670092, 0.038061682, -0.022441745, -0.019781923, -0.013662387, -0.04926629
